16
00 00 13 10 06 16 02 00 15 00 11 05 12 00 04 00
00 00 00 00 01 00 08 00 00 00 06 00 00 00 00 05
02 00 04 00 00 00 00 11 00 01 03 00 00 16 00 00
11 00 00 08 12 00 07 03 04 14 00 00 00 00 00 15
04 10 00 01 00 00 06 00 00 00 00 11 00 00 00 14
03 00 00 00 00 00 00 07 00 02 05 00 00 04 06 01
13 07 00 05 14 00 15 00 00 06 04 00 09 08 00 00
00 00 06 15 00 12 00 00 08 00 00 00 02 00 00 11
10 00 00 06 00 00 00 13 00 00 12 00 01 03 00 00
00 00 03 04 00 07 09 00 00 15 00 16 14 00 08 12
08 13 12 00 00 06 01 00 10 00 00 00 00 00 00 04
14 00 00 00 15 00 00 00 00 04 00 00 10 00 11 07
05 00 00 00 00 00 16 01 06 07 00 14 04 00 00 02
00 00 01 00 00 02 14 00 11 00 00 00 00 07 00 10
06 00 00 00 00 10 00 00 00 03 00 15 00 00 00 00
00 08 00 02 04 09 00 15 00 13 10 12 11 14 00 00